---
generation: 3
last_run_time: 1352286890.02535
tests:
  t/01basic.t:
    elapsed: 0.230013847351074
    gen: 3
    last_pass_time: 1352286890.02276
    last_result: 0
    last_run_time: 1352286890.02276
    last_todo: 0
    seq: 1
    total_passes: 1
version: 1
...
